time,x,y,z,phi,theta,psi,x_velocity,y_velocity,z_velocity,phi_velocity,theta_velocity,psi_velocity,rotor_speed1,rotor_speed2,rotor_speed3,rotor_speed4
0.06,-3.92837639542782e-07,7.098741708426524e-08,10.006591238080285,7.109008831207575e-05,0.0003093068732713533,0.0,-3.3530190665624096e-05,6.741400330950239e-06,0.21969071209389457,0.0034552156085950634,0.013864082382750142,0.0,472.8311365889132,473.89775088494594,473.2160645682295,473.48188870970665
0.12000000000000001,-1.3104407963575355e-05,3.03714970207187e-06,10.02542360383672,0.0002896517567645418,0.0009612558691438622,0.0,-0.0004764722836243727,0.00011663535504258658,0.40800580426426114,0.00401506377302544,0.004069897568947973,0.0,464.0043443870999,463.23482075470827,464.6569103734477,464.70071904579817
0.18,-6.168354082747797e-05,1.7647758823265852e-05,10.051804914445675,0.0013371822415066958,0.001505530376467945,0.0,-0.0011823460667858886,0.0004407674315693003,0.4713466688190577,0.03588265886362974,0.017557978460424124,0.0,424.9393543343229,426.093731191577,423.7108835858665,426.44132426647894
0.23999999999999996,-0.00017477727698387218,8.734817072536083e-05,10.086939233826536,0.00397987229346608,0.002912843394236475,0.0,-0.0027386123609994257,0.0021769318556636515,0.6996843152447719,0.0567399887543235,0.0332076520643672,0.0,475.39194836698493,476.5894242516955,475.5072501561991,477.1030358179273
0.3,-0.00040506699169149437,0.0003104269510381461,10.131329143515492,0.007305256266520566,0.005037065507134564,0.0,-0.005141807862639909,0.005592315732914896,0.7799251273872205,0.05265098860507869,0.03946824029920608,0.0,430.8783421789844,431.4078050683874,431.2428438563509,430.89953323438266
0.36000000000000004,-0.0008266981832999773,0.0008077778747106751,10.180973540034161,0.01047226466610418,0.00804337973654512,0.0,-0.009190063382732422,0.011305745901203418,0.8748154508295412,0.0530470356121168,0.06565761817563777,0.0,434.4304445933739,436.6221219482627,436.30219854453935,436.3371366797804
0.4200000000000001,-0.0015973272645018756,0.001762662672791902,10.240779613996482,0.01387664989662607,0.012085352199871835,0.0,-0.01698798143597484,0.0209284785517913,1.1185045684205268,0.06325421135516571,0.07057983693915384,0.0,480.7173118927467,481.09312107588056,481.01573494139217,481.7899047436151
0.48000000000000015,-0.0028949900471322925,0.0033343488083093804,10.311866571255438,0.01712071648864555,0.016172303115222775,0.0,-0.026710669080927937,0.031851206730613424,1.2509126509533466,0.020402448598617944,0.06266907548860352,0.0,449.231270259194,448.59285469176274,449.56459716744564,446.0809564882441
0.5400000000000001,-0.004847919558232053,0.00560611875479742,10.390025603026006,0.018767564851149388,0.019897378540777666,0.0,-0.038768694086918444,0.0440222536339967,1.3542615627070134,0.03873504985665179,0.06088978618717846,0.0,439.60552220386177,439.4608980076006,438.89897014186477,440.4179017320406
0.6000000000000002,-0.007659204210202446,0.008701874245255162,10.477201139186128,0.02210425474941058,0.023250747431632135,0.0,-0.0553464658652275,0.059508209258222554,1.5513268569270902,0.07709361048296742,0.04332143939718572,0.0,468.84699892697915,467.48207344165627,467.4865047100698,470.46729330925683
0.6600000000000003,-0.011441965856024139,0.012718656410457668,10.572051933175896,0.026880886036208196,0.02640181479335535,0.0,-0.07102384934284622,0.07483374029291887,1.610266137682392,0.08421838350265634,0.06644790945182331,0.0,425.09371704054763,427.0725205768683,426.0195965359789,426.63367585211694
0.7200000000000003,-0.016301105197719726,0.017820398981665226,10.672999841152942,0.03182713820844629,0.0307894722388129,0.0,-0.09139917889055439,0.09576084130975962,1.7544236024962392,0.07861674820124294,0.0839329194971384,0.0,452.5706078450831,453.9796003912991,453.74463015143743,453.3001080954391
0.7800000000000004,-0.02249481766343544,0.02429680159791948,10.782951205936563,0.0362606479737666,0.036090703709938055,0.0,-0.11562163343491448,0.1206171878551215,1.910335681920557,0.0622030037884301,0.09598063139746005,0.0,456.8404899334531,457.8062421257321,458.35485537435784,457.0526540312828
0.8400000000000004,-0.030317635200952618,0.03241405401217146,10.903716796099904,0.04029426314025564,0.0418073459969035,0.0,-0.14580008361276492,0.1504010753969536,2.1147809596215748,0.07574258598760407,0.09383351219253633,0.0,472.3228884182508,472.1644162020072,472.5530119520256,473.59852813084444
0.9000000000000005,-0.03993796568155469,0.04227325112908653,11.0332407895348,0.04483826944741409,0.04833122798817602,0.0,-0.17548982421302706,0.1786854307154347,2.2024682717333053,0.07571514799374865,0.12849540722388142,0.0,436.3965989437048,439.2901919871749,437.6792302030353,437.6815606705051
0.9600000000000005,-0.05159354000635027,0.05402562559143558,11.170291402098108,0.0496252243289943,0.05688591347649563,0.0,-0.2139293264980543,0.21356283924289596,2.365482400631903,0.08687502706725685,0.1615906393648937,0.0,461.00140279199934,463.6262757446625,460.4839631663073,461.3707039615511
1.0200000000000005,-0.06551974109090139,0.06777725539182777,11.313092585539717,0.0548530340460891,0.06676561452693441,0.0,-0.2511706119205713,0.24529525704592928,2.3944073978403013,0.08763526677237726,0.17018093652562544,0.0,419.21283948101035,419.98613709991326,420.42857402403786,420.501194491235
1.0800000000000005,-0.0821166212098761,0.08373261856833994,11.461257267274824,0.05998473211200306,0.0772064027467021,0.0,-0.30316753879919545,0.2870941115702564,2.5439662545328483,0.0809442658591281,0.1807384535319061,0.0,458.54468293368495,459.41052836081417,458.82595599798134,458.3002170743065
1.1400000000000006,-0.10194011856530857,0.10220914154581189,11.616771304836654,0.06471303652348848,0.08799857936972,0.0,-0.35869589665568635,0.3292547243085922,2.6394799026263467,0.07414409785583924,0.17807551532977106,0.0,442.52017615692085,442.3323420036538,443.7657713010798,443.2122006820125
1.2000000000000006,-0.12557640253886584,0.1234973391699189,11.780851113176062,0.068662979354146,0.09935004031559913,0.0,-0.4304175943474507,0.3808067387660789,2.8292172120982606,0.03882362540036595,0.2052429435427226,0.0,471.30034088843513,473.42714371589375,474.1627250927211,471.444183697991
1.2600000000000007,-0.15353508992625595,0.14778773164377895,11.95380493411796,0.07096156210006566,0.11205614030305266,0.0,-0.5028021560589442,0.42907831317699446,2.9354587567423978,0.03726181792997165,0.22235772753926103,0.0,447.25759741594595,448.6927626433818,448.9879269363546,448.86189495335236
1.3200000000000007,-0.18591478510089104,0.17490060939717775,12.13144106860338,0.07300562902980712,0.12500502940545388,0.0,-0.5777547395928319,0.4748617052863669,2.985416678057192,0.026762562066159082,0.19768679848640489,0.0,432.5318163613253,430.49596417705067,431.8374740529282,430.95141408011233
1.3800000000000008,-0.22369624073946373,0.20517299763267752,12.317196601991121,0.0743709481219943,0.1366940365354532,0.0,-0.6829613449386543,0.5343323038291016,3.2055888562826356,0.013211458866631729,0.1883624001811062,0.0,484.65008494304266,483.9823100575716,485.2944674362946,484.27622762075856
1.4400000000000008,-0.26726758998063743,0.23861005177110647,12.510370555886913,0.07508304126970788,0.14838167204628938,0.0,-0.7704570334126379,0.5802788643868197,3.2332566222232293,0.009036532128926827,0.20525928437059202,0.0,426.68903615536095,428.16748088554925,426.03732571251953,425.6800850369989
1.5000000000000009,-0.3178132686427708,0.2755573483810139,12.715051847482412,0.0758827846904877,0.16037162248516168,0.0,-0.9159357404126723,0.651281199656009,3.5880409685983756,0.02076727468513518,0.18586653136736692,0.0,524.9423781125101,523.6270797422305,524.5910257068048,525.4048247411719
1.560000000000001,-0.3761171297718117,0.31617961115270266,12.93301807076995,0.07727933070314208,0.17139899204834386,0.0,-1.028588688696202,0.7028785855208098,3.676934479687927,0.027871620747114554,0.17928076121307515,0.0,450.6960515494808,450.1956353672927,449.3499986987723,449.9256222623552
1.620000000000001,-0.44216974436921086,0.360261892484404,13.160628048186565,0.0792196606224227,0.18247605974230385,0.0,-1.174349678109831,0.7666573944281252,3.9089217366667683,0.040038211686211994,0.19357456443802737,0.0,494.1458702792446,495.22752603857026,493.5397507858698,494.4372253035206
1.680000000000001,-0.5162566683175533,0.40779491525199374,13.396815587630801,0.08217583711921606,0.19420548353220202,0.0,-1.2962828523483507,0.8179878987144721,3.9634566577786887,0.06324088518150389,0.19906482604846754,0.0,441.3369513709328,441.8274484655913,442.9133671693191,444.81913090638034
1.740000000000001,-0.5984645449861483,0.4587030818453514,13.639103700223664,0.08574979142705264,0.2062328605756596,0.0,-1.4451683180936454,0.8792687034241707,4.111832689482843,0.0509633052692321,0.20309902895682813,0.0,472.2681176912007,472.6159221081208,474.4764325863617,473.5350691827208
1.8000000000000012,-0.6901070173151348,0.5134522760424194,13.89132062634432,0.0888941730280699,0.2183165084028751,0.0,-1.6108028316563832,0.9459497988922504,4.294206510782827,0.055145675943733624,0.19775213776662143,0.0,486.78922830567285,486.4248042843202,484.07864785613015,484.39482670241097
1.8600000000000012,-0.7913049114571402,0.5720036504766448,14.151456089086222,0.09187216572791179,0.2301926250929407,0.0,-1.7635478521748005,1.0059992584238977,4.376169703070438,0.03534577382290119,0.19829846332028198,0.0,457.5534743649051,457.6340508782853,457.66349347533924,456.0860772056764
1.9200000000000013,-0.9013960388054508,0.6340057879719599,14.414280020922623,0.09386955800669838,0.24192275320250278,0.0,-1.907174011709046,1.0608654069650054,4.384131492339442,0.028824568655469323,0.18923487844608028,0.0,435.8627373300334,435.1426288633805,434.8488770646197,434.30264918990025
1.9800000000000013,-1.0212405172201484,0.699675755469584,14.681213502904708,0.0951012103223059,0.25320804201604563,0.0,-2.088686315231388,1.1281881659722524,4.512569176859541,-0.006412088989268018,0.18569392749236238,0.0,475.36829330239954,475.1287113172919,475.1239039893032,472.4143519372835
2.0400000000000014,-1.1507368767486241,0.7688529468450812,14.950109748369089,0.09489436763708792,0.2650322633186901,0.0,-2.2288059853968987,1.1776597668358413,4.450435308083274,0.0019057981841447587,0.21339714593155906,0.0,412.5003006468191,414.9800148247051,415.0041547587077,415.73379283994717
2.1000000000000014,-1.289018628846823,0.8410502575655302,15.215878550312668,0.09478239424626977,0.2781284015274945,0.0,-2.3816542017471614,1.2288658401739612,4.408150604236856,-0.010744377276273025,0.22655386407988135,0.0,421.1870672362768,422.37322359930135,422.8452176876487,421.7539047671662
2.1600000000000015,-1.4376880078391323,0.9166314661010968,15.482473261498487,0.09401244126205555,0.2917187216320638,0.0,-2.575189772863624,1.2903263466178323,4.477358880621971,-0.017375206223100265,0.22640828744336938,0.0,459.37338608181847,459.41095189071547,460.7719099873683,460.24745868646863
2.2200000000000015,-1.597689414887439,0.9956993251899469,15.751306153971472,0.09275968454475247,0.30564230881584287,0.0,-2.759349195334023,1.345079523769714,4.483019449867673,-0.029015885228252148,0.24145603480447925,0.0,440.50162522800366,441.79809741752314,442.1332465509475,441.1729860660923
2.2800000000000016,-1.7705514437395118,1.0784649671762279,16.02524563061808,0.09076430226618282,0.3200383045112227,0.0,-3.0040273270744406,1.413393316380956,4.646668514458077,-0.04347845133390967,0.23670616397351416,0.0,493.92492037146116,493.6256305042897,492.6624873834439,491.59149105307523
2.3400000000000016,-1.9570785733522162,1.164901600996943,16.304872902396607,0.08767948190982988,0.33383973491634666,0.0,-3.2147137023225367,1.4674625902959657,4.673290483471676,-0.07619583070644456,0.2113227181626226,0.0,453.8614208141274,451.8700872452613,455.2963530109548,452.6687480538448
2.4000000000000017,-2.1562753091681865,1.2544467086136504,16.585343226518336,0.08316442469036023,0.34609001803413797,0.0,-3.426203287952377,1.5168746192611253,4.674924211373755,-0.07342618996123812,0.18340596877144713,0.0,447.7966234785359,445.55944145824304,447.64257944546716,447.86353918703617
2.4600000000000017,-2.368567783854665,1.346905140623244,16.866327143819102,0.07934464024586863,0.3568926630649871,0.0,-3.6510945276248408,1.5646052160688495,4.690334417287382,-0.049083009686749425,0.17230444490686858,0.0,454.0886482678364,453.2275698051287,452.4576295973461,454.4104951699429
2.520000000000002,-2.5938434079932033,1.4419983052968606,17.14623825373349,0.0759457826711607,0.367529206462315,0.0,-3.8589542789739135,1.6048471433774723,4.6394871696475075,-0.07945535922520114,0.18570789993839723,0.0,432.4762643938002,433.6349674966076,434.40548117942615,431.8479609270172
2.580000000000002,-2.832331889527053,1.5395401286080634,17.424433450700697,0.0717600676780048,0.3784776890196744,0.0,-4.091548172074116,1.6460671100858193,4.632828489741377,-0.055261599132136775,0.17507745760121626,0.0,450.2942881357881,449.4650574947844,448.16451239169254,450.12316431123713
2.640000000000002,-3.084978959282261,1.6394717498812958,17.70212200316844,0.06841740072001024,0.38941410566141954,0.0,-4.330874074952652,1.6846074878331276,4.62256060229135,-0.05662528078505388,0.19374345945176719,0.0,449.54408383009456,451.0856566857834,450.27943993214535,450.16703067395736
2.700000000000002,-3.3517063786131516,1.7415635073365883,17.977902587369297,0.0650293071481789,0.4011758027071295,0.0,-4.5609764614733495,1.718101099040657,4.569380972584411,-0.05615608025601739,0.20023914589327424,0.0,436.45563398177626,437.03575714852735,438.6545019021882,438.6912532514611
2.760000000000002,-3.6328282667534695,1.8456544010407256,18.25126425766766,0.062016162542066766,0.41399130813896257,0.0,-4.810725679123353,1.7512378454657955,4.5416704802833525,-0.04041396737207787,0.23190381103690955,0.0,447.4138042357328,450.0282497873051,447.2655864352589,448.544467835157
2.820000000000002,-3.928401025334202,1.9515636262303406,18.521083906566545,0.059529744491354286,0.42791147187149026,0.0,-5.042779500379179,1.7788144507075547,4.45155370245649,-0.04357568334911739,0.2321994460908986,0.0,429.9920005813321,430.0726017407685,427.97837152828026,427.7081310870653
2.880000000000002,-4.239784641319893,2.0592894226373972,18.788967243995607,0.056944518679058476,0.4421047640171176,0.0,-5.337699908811448,1.811688331580443,4.476298544921571,-0.04212767413606217,0.2440746274088369,0.0,469.335696595359,470.3089236857717,470.79613046260437,470.90726406086014
2.940000000000002,-4.5675482375985395,2.1687366781024595,19.054813227202718,0.05538601128535525,0.45711684296885746,0.0,-5.588861016937187,1.8363320635767766,4.384261129067828,-0.005099829002672831,0.26025102817607615,0.0,433.11817108394575,434.5408457191912,432.3230737128694,435.4321443562665
3.000000000000002,-4.909281317473397,2.279481100886401,19.312257781463476,0.05592694658796571,0.47244629054692133,0.0,-5.8034127186372855,1.8551168476931614,4.196752021895312,0.02807533307106766,0.2437160426295462,0.0,401.44392261155593,400.01340231896995,398.7767000679962,401.79653586182286
3.0600000000000023,-5.266168511254798,2.391577680452175,19.562327057928645,0.0575768027641006,0.4873590892359143,0.0,-6.0938546106698785,1.8814717331473971,4.137465125952746,0.026316542722223474,0.25676946042407206,0.0,449.04873370741444,450.16745159055296,449.5318091597356,449.38940882287505
3.1200000000000023,-5.643054614850526,2.5055173484219213,19.812962224521886,0.05886051312710805,0.5036143623865135,0.0,-6.469965407515747,1.9164948467307676,4.214452891901701,0.00907657759683514,0.2899818268494491,0.0,497.6748921583015,500.164140129775,499.2994486217218,498.03980155999494
3.1800000000000024,-6.040030453466013,2.6212613967252616,20.062871337139473,0.05928952698771539,0.5207940987346094,0.0,-6.7636883115625865,1.9415662463144627,4.114326911592479,0.002988549241278325,0.27780812934029814,0.0,444.64188813273364,443.72626822801044,444.82943472986324,444.3303692130519
3.2400000000000024,-6.455450341919719,2.738554121362251,20.307495698797172,0.05961513572402044,0.5376658571218744,0.0,-7.084669646048246,1.9680826638884898,4.038007581785024,0.009904921449116595,0.28721855028901766,0.0,456.3226319165878,457.15098667039416,456.4467501124282,456.99843369678393
3.3000000000000025,-6.8903040807513145,2.8574142748960316,20.54711399596633,0.05991818739413013,0.5549523108848096,0.0,-7.411467372143464,1.993824332431727,3.947383608008673,-0.007054817854923359,0.28982468357884583,0.0,456.61110421307313,456.90079379077577,456.10388155313007,454.74693949665516
3.3600000000000025,-7.34410399975115,2.9777104472980387,20.77952696732773,0.05944429129924078,0.572021462854944,0.0,-7.716241695277894,2.015902176791304,3.798154082119996,-0.009640939169520907,0.2708335779198164,0.0,439.7763467498875,438.2827381175032,439.27242808159866,439.05797162328
3.4200000000000026,-7.815933307431337,3.0992591368465137,21.001956688929425,0.05937666045454648,0.5880873713446553,0.0,-8.012418870628231,2.0355995894392898,3.6148019066612607,0.011998805146090346,0.26080562441936006,0.0,429.7220706172379,428.94592334182727,429.6685103268952,431.4998133033492
3.4800000000000026,-8.30615170515008,3.2220071789338,21.213724133226474,0.059716549589323265,0.6036100120818269,0.0,-8.329118742208827,2.0559223895917285,3.442532196130005,-0.011673847785577956,0.25416288604521803,0.0,437.95925210158646,437.47465153257474,439.23066364717977,437.26234247034216
3.5400000000000027,-8.818074112986343,3.346167949244568,21.4184559364336,0.058664829994953926,0.6186147157395325,0.0,-8.735554300319155,2.082524554200773,3.3792547339261425,-0.03304243958800174,0.24033579375299033,0.0,482.5617833010852,481.5737782402269,484.13872330653084,482.52786436469313
3.6000000000000028,-9.352446283125207,3.4717014532506205,21.61600461267338,0.056414421730578646,0.633302740624571,0.0,-9.077654665004685,2.101665255405284,3.2039127036201345,-0.048397931036584546,0.25248310139340097,0.0,446.6213890576501,447.6706694597938,448.2222066978548,446.9714085159879
3.660000000000003,-9.90743900393023,3.5983217920653034,21.80257095771191,0.05370061644425128,0.6484148383206723,0.0,-9.422909220424852,2.1187151677500107,3.013103281192428,-0.03954880428514265,0.250612200674375,0.0,446.42290000556244,446.3335158438994,445.61102074178075,446.33286275887406
3.720000000000003,-10.48651124515465,3.7261313585673843,21.98150311004823,0.05133882350714458,0.6642516404156007,0.0,-9.879818872935102,2.1412227386661096,2.9480813602161313,-0.038994689896808925,0.2822352053800547,0.0,497.4316349573277,499.8031658463499,498.094657882451,498.13459926548217
3.780000000000003,-11.089204741230965,3.854965724047814,22.150977921355903,0.0485703772708197,0.6815242100607497,0.0,-10.210819387356649,2.1530102339575583,2.6992028624045847,-0.06692960275249636,0.29725368171709626,0.0,435.57896856964754,436.9189440470935,437.193051520963,434.85685685602346
3.840000000000003,-11.712934519078239,3.9845106804424493,22.306359333213553,0.04472206461834727,0.6990328486200283,0.0,-10.580853670874438,2.164800914070795,2.477786172344526,-0.05907329049163105,0.27780484030371216,0.0,455.4778428969654,454.0031383195592,450.56219990260905,451.1941877897433
3.900000000000003,-12.35943556912955,4.114717319242893,22.448486827986535,0.04089059139795559,0.7156963944001999,0.0,-10.96973256442634,2.1750846851087626,2.2572366273077673,-0.07573523670710511,0.27756751590802775,0.0,458.82086105761306,458.8774166238075,461.2463427419538,459.9251697375494
3.960000000000003,-13.030874620408314,4.245539074996627,22.57856667763136,0.03647175351318843,0.7329722102137755,0.0,-11.411819622061111,2.18521948265504,2.0755236314211425,-0.06977016481460992,0.30315699808031127,0.0,482.1728655817431,484.17865613894435,481.0937402616099,481.54156950943974
4.020000000000002,-13.728452868517572,4.376869865473093,22.696599314225153,0.03220472300127053,0.7511247389689695,0.0,-11.841033241063386,2.19210892348649,1.8556590705982168,-0.07395568459165648,0.301286532046352,0.0,476.0687352054141,476.0121508245494,476.10198309622325,475.7779987879277
4.080000000000001,-14.451019966171794,4.50851453475641,22.799919457144238,0.028238652374952267,0.7705683436952242,0.0,-12.24483554847865,2.195738730221023,1.5852807198899674,-0.053788305630031494,0.3498582619895838,0.0,462.6919391701114,466.5998471189578,463.10743102621757,464.688491768578
4.14,-15.196668795020724,4.640285961442017,22.885152108323048,0.02507950092555067,0.7911800172859271,0.0,-12.610499076303322,2.1964309436716176,1.2529655050108193,-0.050473369529803844,0.32628146083403686,0.0,447.6386609880035,445.83495723237337,446.5900101194614,446.858646793665
4.199999999999998,-15.964223370548714,4.772055631259621,22.94976682013159,0.02220208052625594,0.8109354852608401,0.0,-12.974996838683307,2.195711713601571,0.8980512319264501,-0.04334886862296934,0.3346158141210379,0.0,444.3760945217217,445.1699262163058,445.2722874304306,445.85361250112055
4.259999999999997,-16.756213399268063,4.903799136576915,22.994869456925652,0.01941474471282323,0.8310601091952465,0.0,-13.424389763521836,2.195531981942505,0.6014825632688668,-0.05353081826498399,0.3369496681213935,0.0,480.0066588737906,480.290100439518,480.14551439715893,479.37096442764414
4.319999999999996,-17.572696822325558,5.035448836494349,23.019207218614365,0.01588353162031897,0.8513043083266743,0.0,-13.791850788516795,2.192634011520016,0.2067147655646149,-0.07248832986667851,0.3382929668316329,0.0,447.9148239486397,448.14000767561623,447.187460041713,445.6372522795735
4.379999999999995,-18.413240570576008,5.166918420000535,23.020964449573974,0.011195232124289412,0.871972477551533,0.0,-14.225851106644734,2.189474016200271,-0.15206055963834542,-0.09290298657035823,0.354579741964341,0.0,473.41259352291115,474.77796921634325,474.78216344320117,473.2079212482317
4.439999999999993,-19.278266430204823,5.298143334485484,22.999172882971735,0.005984226770632262,0.8930022474453683,0.0,-14.608109313382652,2.1845292271913914,-0.5778373271050403,-0.07688876637335652,0.3407669790638915,0.0,455.78174275466966,454.7989580615386,453.84847954243236,455.1264758177084
4.499999999999992,-20.164010180235763,5.429034453535798,22.949391010062826,0.0011251412694184282,0.9131864040616451,0.0,-14.916918794959255,2.1784447952491557,-1.0843365244388994,-0.09077855303366913,0.32584799957742244,0.0,425.0158333015892,423.85630468451626,427.0060151080581,425.81308534598
4.559999999999991,-21.069730479368896,5.559549538477468,22.869723824857132,6.2785018065241545,0.9330859539020233,0.0,-15.273600005227427,2.1719911081682266,-1.5746159917354596,-0.11296560379145397,0.34127004462299027,0.0,444.3025968051578,445.6779760729722,444.7731839842896,442.9430107792448
4.6199999999999894,-21.99737287731888,5.689663599056341,22.760357226052307,6.271556765034871,0.9543651488904423,0.0,-15.647292074141617,2.1651001355781476,-2.07473644613063,-0.1219945458305734,0.372977254336678,0.0,450.19636522046295,452.8811232904314,452.3772459462571,451.6374309574484
4.679999999999988,-22.945061840917692,5.8193798080013055,22.61861771789054,6.2646059010132955,0.9767252770882839,0.0,-15.942126408067299,2.158834329475991,-2.653158492593527,-0.1057605939319486,0.3720466935561425,0.0,421.83809353014203,421.90939794966215,422.1346722085856,423.52114225952465
4.739999999999987,-23.912454616375737,5.948708808166424,22.442889073564704,6.258250119960177,0.9991313084614486,0.0,-16.30335953894257,2.152216573559947,-3.2085693348242206,-0.10626973602172199,0.37606493778392525,0.0,447.92667175169447,448.39632455349016,450.0749179725824,450.02402284835836
4.799999999999986,-24.904603926059913,6.077607529608836,22.23508993552762,6.252311556241018,1.0216220184609242,0.0,-16.766219016486325,2.144519079225061,-3.7233926817839285,-0.08737409532729971,0.37229537384785755,0.0,487.3228898002453,487.17264467586017,488.20057815214363,489.6015545788877
4.859999999999984,-25.91899717285742,6.206170572704524,21.99223261042747,6.247010847317583,1.0433905210451053,0.0,-17.04618993027123,2.1411221186060865,-4.3755245118175985,-0.0903601676047381,0.3262979302636149,0.0,428.69623659637506,424.9051324950013,427.3798831548666,427.11829634120625
4.919999999999983,-26.951329451127847,6.334547763648667,21.710230987581557,6.24200584877957,1.06376860333787,0.0,-17.363980667521435,2.1383643068057903,-5.02865448753512,-0.07226591723808959,0.35791591529847927,0.0,441.17754201985423,443.89893603488144,442.2235642185613,443.7066099664783
4.979999999999982,-28.001382833356185,6.462838435212498,21.38756536918642,6.237515157905062,1.0853144487532802,0.0,-17.636845040224067,2.1382784686738647,-5.730889288864507,-0.08057480646452601,0.3613547428011623,0.0,427.66655642897894,428.0979485170382,430.20159314994567,429.49236645817945
5.0399999999999805,-29.069904829369797,6.591130010340993,21.0231399946408,6.233720044306921,1.1065970712000812,0.0,-17.978670665409236,2.1384446429094672,-6.421527796850418,-0.04140500042530634,0.33619981603245597,0.0,458.1977989403796,456.317135461485,454.0054475717572,457.1360124692797
5.099999999999979,-30.15906093536263,6.719487069977972,20.61652721746199,6.230972357403546,1.1269126887210525,0.0,-18.32454608718857,2.140468053431646,-7.1373484548527895,-0.056459873410868375,0.342984405303666,0.0,461.4015179033725,462.0501047845857,463.09022292536946,461.90251827282935
5.159999999999978,-31.267477185722818,6.8480664273856675,20.165410963025362,6.227520395075857,1.1471298682274842,0.0,-18.620869502506963,2.1459102073793868,-7.904842127061673,-0.059768674274372886,0.3208503716056048,0.0,451.28377497360884,449.6066229511941,449.4677535055144,449.19708837000394
5.219999999999977,-32.39294369933025,6.977066152904737,19.667058641592575,6.224295498004224,1.1670861694526504,0.0,-18.89303477938072,2.1545220758033086,-8.711959024579723,-0.04382897906938865,0.34931031204152896,0.0,444.19935761019656,446.6402244783111,445.1216380740249,446.42311480686703
5.279999999999975,-33.53516400466669,7.106652980136228,19.119571166758806,6.221681738914759,1.1876380935664521,0.0,-19.178580890236926,2.1655055606768143,-9.543165018520321,-0.043035401540308466,0.32345602189879086,0.0,455.0510687751935,453.0921312073229,455.14152365928055,455.20407109052974
5.339999999999974,-34.692438741876636,7.237035788012221,18.520436754799682,6.218721597406386,1.2078053630334047,0.0,-19.395528875918846,2.181084950226152,-10.433308475831023,-0.06653088190996204,0.3537469068175457,0.0,435.6890044598705,438.3321603701549,436.7391832959275,434.7718438654961
5.399999999999973,-35.86601128468529,7.368373476230054,17.86816839873875,6.214561472729761,1.229222230617359,0.0,-19.719822422529084,2.1975018449785524,-11.315572690139236,-0.07563145437737297,0.36266797076462337,0.0,477.1084081561135,477.91094749458136,476.3884255430304,475.68823186599997
5.4599999999999715,-37.060768825336204,7.500776553924614,17.16249169052967,6.209885502854,1.2512627603481032,0.0,-20.100322868217066,2.2167242716369118,-12.214429487214218,-0.08298304068655434,0.3753280707765454,0.0,502.9748304773876,504.0130895711993,501.3718198234121,500.8329493934496
5.51999999999997,-38.269434253616616,7.634690109877158,16.398807722131455,6.204337001428307,1.2735842992014694,0.0,-20.18630940954644,2.2478756131882176,-13.24730709239114,-0.1293513203432554,0.364459909052327,0.0,419.0367793287571,418.2424413509116,418.9872923490995,414.92362438274307
5.579999999999969,-39.48782181205525,7.770538410923469,15.573498034327496,6.196822426968179,1.2957723757583341,0.0,-20.422118372197563,2.2815548097279126,-14.270230650609912,-0.11809050026140308,0.37875142066454864,0.0,472.0146174463221,473.24888931773984,473.2280920317175,474.08149239064863
5.639999999999968,-40.718435578568325,7.90867042420896,14.685064648335544,6.189707018383379,1.3182493141141034,0.0,-20.593815227351215,2.324074723582924,-15.351450770569057,-0.11960763425407855,0.36473791342894196,0.0,464.20801179569656,463.24464180924645,462.28276422897255,462.1510639940516
5.699999999999966,-41.958692726482326,8.049606316131685,13.730333179742068,6.182248464553604,1.3402163521408443,0.0,-20.74343620685555,2.375170924510445,-16.480576455569807,-0.13591829563326363,0.3687345044111207,0.0,465.2834573507143,465.7281848121808,466.4281067548068,465.13803179500525
5.759999999999965,-43.20462429130939,8.193959535926313,12.705744685427431,6.174020155676047,1.3622160641392451,0.0,-20.7836883211937,2.4381861607181863,-17.679893560684484,-0.1396948510223163,0.3621715812781761,0.0,441.3656764595455,440.96313745076554,440.5129643131953,440.18267481610695
5.819999999999964,-44.4574325178828,8.342307330861857,11.608724258931721,6.165406476108808,1.3838018522925406,0.0,-20.9699941707346,2.508604686277307,-18.896586570181032,-0.1526916345337924,0.3544676354496642,0.0,495.34153403349677,494.89314646833685,495.27323399509834,494.2985694086708
5.879999999999963,-45.71390153323478,8.49541215631828,10.43568478309239,6.157156791680006,1.4050058342370981,0.0,-20.90862377129558,2.5968693052646854,-20.213142247907363,-0.11746775268203903,0.35118050066031015,0.0,430.7540326208716,430.6087760638975,429.8206519660544,432.7792491464761
5.939999999999961,-46.97192600763432,8.654088115016348,9.182867707794522,6.1507185846250785,1.425912520516328,0.0,-21.01854724526203,2.6944153780177293,-21.557719426442752,-0.09227746084906767,0.34233972455556017,0.0,493.591327387376,493.049617038763,491.96370156569657,493.817700844791
5.99999999999996,-48.22899193073382,8.819158920128034,7.846375083748505,6.144877137574909,1.4466638518048676,0.0,-20.879625567268018,2.8100064827176796,-23.002029608759447,-0.11017839572156206,0.35207745736726903,0.0,429.2994119082427,430.2529567917335,430.5122063928498,428.98466977008064
6.059999999999959,-49.47679429196009,8.99160917568221,6.421134223198578,6.1381571148771705,1.46885301653767,0.0,-20.70857765019795,2.940748588310111,-24.516789593086962,-0.11591510392647979,0.3919621979317153,0.0,427.7109606155149,431.24044944792774,429.3485863790753,428.849454990672
6.1199999999999575,-50.71827907796273,9.172338032203065,4.903275358663339,6.1308028960232654,1.4919896846754739,0.0,-20.66479644072144,3.0863607224188794,-26.090848819445203,-0.14118508948314373,0.36829299982227587,0.0,483.78486743310225,482.1379082694525,483.34414347436984,481.4214110944131
6.179999999999956,-51.9511232228709,9.36246022972381,3.2880877182402655,6.1221465292463275,1.513596987795049,0.0,-20.423107621474756,3.2543447423983385,-27.761690788423753,-0.15129118371780145,0.3341154701096931,0.0,441.85767161874503,439.1611506034518,440.7033611021258,439.8466068973523
6.239999999999955,-53.16914935746137,9.563358918309437,1.569952938901921,6.114038922054558,1.5339219356791673,0.0,-20.170677773101133,3.446071709031711,-29.524384412350642,-0.11425623384660112,0.3466769877905458,0.0,451.19500079905754,452.32448721533234,449.5773101342216,452.5535450826349
6.299999999999954,-54.37053181813956,9.776538385236847,0.0,6.1070876856254905,1.554804041252753,0.0,-19.867022444760234,3.663910215600342,-31.39314542501844,-0.11925439360896106,0.35061420317816194,0.0,451.2902921165562,451.73084340257293,452.1542340349735,451.73919928645216
